5.407093274139119577e-04 4.387994624020567465e-05 1.442556432495731851e-05 6.347753444868449030e-06 3.389302009815193697e-06 2.034332237369186610e-06 1.285961984559659662e-06 8.112671517531587470e-07 4.834053970223564725e-07 2.576830534769146737e-07
4.387994624020567465e-05 2.888436988390772090e-04 3.462234799843404631e-05 1.332472206494679996e-05 6.916099282932979991e-06 4.138778180204830482e-06 2.620109373184132392e-06 1.655483247285195541e-06 9.874475312921380719e-07 5.266710844565123297e-07
1.442556432495731513e-05 3.462234799843405309e-05 1.733461915172270754e-04 3.014858528876035570e-05 1.398618136593691678e-05 8.283086464094519105e-06 5.257834229082522450e-06 3.332350704360324392e-06 1.991701579941485417e-06 1.063532346801317608e-06
6.347753444868447336e-06 1.332472206494679996e-05 3.014858528876035570e-05 1.095482778722874784e-04 2.939931231313201853e-05 1.632107125317007332e-05 1.039870136033768739e-05 6.631795157900510247e-06 3.980147474520856088e-06 2.130281918655697532e-06
3.389302009815194121e-06 6.916099282932981685e-06 1.398618136593691678e-05 2.939931231313201853e-05 7.908020908143030536e-05 3.234683670389212293e-05 2.027994836295849009e-05 1.309811392042460798e-05 7.928607948214913670e-06 4.263932065287435243e-06
2.034332237369185763e-06 4.138778180204832177e-06 8.283086464094519105e-06 1.632107125317007332e-05 3.234683670389212293e-05 6.733171216226945996e-05 3.890353355523989005e-05 2.557989470692487754e-05 1.577502716801345515e-05 8.570488177042848149e-06
1.285961984559659238e-06 2.620109373184132392e-06 5.257834229082522450e-06 1.039870136033768739e-05 2.027994836295849009e-05 3.890353355523989005e-05 6.832505627553146982e-05 4.819783738360119366e-05 3.093556278410908387e-05 1.719342540511691780e-05
8.112671517531585352e-07 1.655483247285195753e-06 3.332350704360324392e-06 6.631795157900511094e-06 1.309811392042460628e-05 2.557989470692487754e-05 4.819783738360119366e-05 7.653252735450153017e-05 5.774596904818071898e-05 3.389618917484145681e-05
4.834053970223565783e-07 9.874475312921382836e-07 1.991701579941484993e-06 3.980147474520856088e-06 7.928607948214913670e-06 1.577502716801345854e-05 3.093556278410908387e-05 5.774596904818071898e-05 8.660109913013035328e-05 6.379168062851851113e-05
2.576830534769147266e-07 5.266710844565123297e-07 1.063532346801318031e-06 2.130281918655697109e-06 4.263932065287436090e-06 8.570488177042848149e-06 1.719342540511691780e-05 3.389618917484145004e-05 6.379168062851851113e-05 9.295607152796472633e-05
