1.417822042520723302e-01 7.884405336500690739e-03 2.346239788197726668e-03 8.365670806350035318e-04 3.490694984650873230e-04 1.674720010071693355e-04 8.707952804421836086e-05 4.666384999028927764e-05 2.525417197734208512e-05 1.352919142695623839e-05 7.018093849734829681e-06 3.432274491954046297e-06 1.531244200876813866e-06 2.788292944493441453e-07
7.884405336500690739e-03 7.989784531907886955e-02 5.682146970919286708e-03 1.712051062838693908e-03 6.635727257363160632e-04 3.103710138180379007e-04 1.602974342126930367e-04 8.578518890784572553e-05 4.641460755289941487e-05 2.486522120315540546e-05 1.289891741295016548e-05 6.308553485267598648e-06 2.814706689918738035e-06 5.140764116445515863e-07
2.346239788197726668e-03 5.682146970919284973e-03 4.816938781819755933e-02 4.171257370158844811e-03 1.311327778760833099e-03 5.763412381045798522e-04 2.933285605276650084e-04 1.565393763912498735e-04 8.465851581166586955e-05 4.535214578477415415e-05 2.352791774259303811e-05 1.150759987374055033e-05 5.135252168090378321e-06 9.428558185008328310e-07
8.365670806350034234e-04 1.712051062838693691e-03 4.171257370158844811e-03 2.903048784054475598e-02 3.073691016354440295e-03 1.093901135352989005e-03 5.352805584355871176e-04 2.837955647930390408e-04 1.533378421122311294e-04 8.213833625041715028e-05 4.261620339195960579e-05 2.084596795236777215e-05 9.305306793360316859e-06 1.724135918995752234e-06
3.490694984650871604e-04 6.635727257363162801e-04 1.311327778760832882e-03 3.073691016354439861e-03 1.726068000095325877e-02 2.448793684051130300e-03 1.001248670666607474e-03 5.201119441185689902e-04 2.803612737435542675e-04 1.501530093627680585e-04 7.791862191100962405e-05 3.812197556575756807e-05 1.702653025425895767e-05 3.204884319174102526e-06
1.674720010071692271e-04 3.103710138180376839e-04 5.763412381045799606e-04 1.093901135352989005e-03 2.448793684051129866e-03 1.116877533121792172e-02 2.076882382574741798e-03 9.557644296294201536e-04 5.110898313748120370e-04 2.735732861264164963e-04 1.420072899683129896e-04 6.950338641229280364e-05 3.107324508938904948e-05 5.998710312051253943e-06
8.707952804421833376e-05 1.602974342126930909e-04 2.933285605276650084e-04 5.352805584355871176e-04 1.001248670666607474e-03 2.076882382574742232e-03 7.305148338887525704e-03 1.881580064765100719e-03 9.375779073189916251e-04 5.006014280799996573e-04 2.599736013017086059e-04 1.273297021775258683e-04 5.702574417798499242e-05 1.144158670043106893e-05
4.666384999028930474e-05 8.578518890784565777e-05 1.565393763912497922e-04 2.837955647930390408e-04 5.201119441185688818e-04 9.557644296294201536e-04 1.881580064765100502e-03 5.250182219345620599e-03 1.781225382686275026e-03 9.171475551939951539e-04 4.764360393636524237e-04 2.336529179443326792e-04 1.049363428226325590e-04 2.221555378478128669e-05
2.525417197734211561e-05 4.641460755289942165e-05 8.465851581166588310e-05 1.533378421122311294e-04 2.803612737435542675e-04 5.110898313748120370e-04 9.375779073189916251e-04 1.781225382686275243e-03 4.038521504097724278e-03 1.705790572067082938e-03 8.721248926765130588e-04 4.287011245130538124e-04 1.931087382325797979e-04 4.398322325351271126e-05
1.352919142695625871e-05 2.486522120315541224e-05 4.535214578477413382e-05 8.213833625041715028e-05 1.501530093627680585e-04 2.735732861264164963e-04 5.006014280799996573e-04 9.171475551939953707e-04 1.705790572067082938e-03 3.310555358409542244e-03 1.614015911872469788e-03 7.907109419212337426e-04 3.554185565440373955e-04 9.042422050210327099e-05
7.018093849734800882e-06 1.289891741295015701e-05 2.352791774259303811e-05 4.261620339195960579e-05 7.791862191100961050e-05 1.420072899683129896e-04 2.599736013017086059e-04 4.764360393636524237e-04 8.721248926765130588e-04 1.614015911872469788e-03 2.820331850527769014e-03 1.481529765864692720e-03 6.544670533240972473e-04 1.964706398217112046e-04
3.432274491954059426e-06 6.308553485267598648e-06 1.150759987374055711e-05 2.084596795236776538e-05 3.812197556575756807e-05 6.950338641229280364e-05 1.273297021775258683e-04 2.336529179443326792e-04 4.287011245130538124e-04 7.907109419212338510e-04 1.481529765864692720e-03 2.431979605066776975e-03 1.233676242970321770e-03 4.394436777928969768e-04
1.531244200876816407e-06 2.814706689918730835e-06 5.135252168090379168e-06 9.305306793360316859e-06 1.702653025425895090e-05 3.107324508938904948e-05 5.702574417798500598e-05 1.049363428226325590e-04 1.931087382325797979e-04 3.554185565440373955e-04 6.544670533240972473e-04 1.233676242970321770e-03 1.982254409237901947e-03 9.816125538105455791e-04
2.788292944493422924e-07 5.140764116445491511e-07 9.428558185008308193e-07 1.724135918995749693e-06 3.204884319174103373e-06 5.998710312051255638e-06 1.144158670043106724e-05 2.221555378478129008e-05 4.398322325351271126e-05 9.042422050210327099e-05 1.964706398217112046e-04 4.394436777928969768e-04 9.816125538105455791e-04 1.656809839370856647e-03
