2.409068690019756653e-01 1.331522992494624594e-02 5.954497103702365707e-03 2.864982802947843923e-03 1.468914225197126555e-03 7.982138390230839563e-04 4.583247913256214830e-04 2.782426359592855554e-04 1.775266275800930983e-04 1.168198436545915883e-04 7.853440588947989442e-05 5.338354804800521895e-05 3.653081038851759400e-05 2.501048914851578260e-05 1.711357851897590238e-05 1.163525799814423924e-05 7.802773359516446673e-06 5.137950638409451979e-06 3.304650519952014705e-06
1.331522992494623900e-02 1.983137287838364626e-01 1.022713920169742580e-02 4.433802396051356350e-03 2.245977003737690408e-03 1.187177314116556097e-03 6.664970044055033589e-04 4.014488055039395868e-04 2.542388500570221151e-04 1.669092221955454888e-04 1.120063749065567792e-04 7.609908493868269223e-05 5.207494840280583678e-05 3.564881546772945655e-05 2.439443160382819169e-05 1.658432125867296980e-05 1.112223939228254029e-05 7.323698998029086092e-06 4.710506744166405498e-06
5.954497103702365707e-03 1.022713920169742753e-02 1.126248764601349150e-01 8.734224137222358977e-03 3.777946729641829503e-03 1.891283620924471024e-03 1.022689502800914639e-03 6.010541269770064464e-04 3.768003954172955837e-04 2.460320038520252307e-04 1.648038319527805255e-04 1.118928184059363282e-04 7.654154923113143849e-05 5.239467832083738620e-05 3.585162853942187769e-05 2.437433286712901629e-05 1.634651130634936746e-05 1.076397407299305862e-05 6.923344761031529439e-06
2.864982802947845658e-03 4.433802396051355482e-03 8.734224137222360712e-03 8.915815547411434783e-02 7.407302093149599302e-03 3.192182848844983458e-03 1.610414263081631032e-03 9.100140055010698739e-04 5.599017149090756420e-04 3.625516784018879618e-04 2.420722625752621746e-04 1.641601920158618157e-04 1.122531131317742233e-04 7.682930616287809609e-05 5.256986199915338954e-05 3.574076661729497456e-05 2.396979686608550786e-05 1.578416021669842197e-05 1.015248216082365428e-05
1.468914225197126555e-03 2.245977003737690842e-03 3.777946729641826901e-03 7.407302093149599302e-03 6.395699443884633739e-02 6.130621320515100732e-03 2.639256432811978512e-03 1.385881953210197888e-03 8.246659934265837587e-04 5.265506433324857859e-04 3.496896717138130769e-04 2.367023574915102558e-04 1.617637687791028398e-04 1.106945886668464095e-04 7.573890525706258804e-05 5.149270072714139920e-05 3.453498331345301317e-05 2.274203656015391496e-05 1.462818095739159798e-05
7.982138390230842815e-04 1.187177314116555230e-03 1.891283620924471024e-03 3.192182848844981723e-03 6.130621320515098997e-03 4.701766937981927130e-02 5.033185321414263176e-03 2.222717079544272566e-03 1.234235869696734961e-03 7.673273363793756824e-04 5.047743291333561377e-04 3.406099724094847122e-04 2.325530438716145196e-04 1.590894762544245770e-04 1.088439156987950165e-04 7.399972430589021573e-05 4.963190460222357891e-05 3.268512974231355502e-05 2.102451570338316546e-05
4.583247913256218082e-04 6.664970044055042262e-04 1.022689502800914205e-03 1.610414263081631466e-03 2.639256432811978078e-03 5.033185321414264043e-03 3.286469626085296997e-02 4.242471140602403247e-03 1.951461582528649487e-03 1.140700277193899262e-03 7.359708844376591395e-04 4.936611977130777370e-04 3.364727189360950505e-04 2.300686584186141385e-04 1.573872314103738981e-04 1.070024815417874999e-04 7.177080654378985693e-05 4.726791206343189324e-05 3.040636261511496394e-05
2.782426359592854470e-04 4.014488055039393158e-04 6.010541269770066633e-04 9.100140055010693318e-04 1.385881953210197455e-03 2.222717079544272566e-03 4.242471140602403247e-03 2.525174082402054446e-02 3.589250288466030569e-03 1.751645917028095412e-03 1.078548525065465636e-03 7.145087855842371851e-04 4.854210087213234001e-04 3.316323975937063295e-04 2.268215255786888761e-04 1.542062370983218452e-04 1.034396967306579733e-04 6.813162614338910629e-05 4.383077717717309989e-05
1.775266275800926918e-04 2.542388500570220609e-04 3.768003954172953127e-04 5.599017149090753168e-04 8.246659934265837587e-04 1.234235869696734961e-03 1.951461582528648837e-03 3.589250288466030569e-03 1.796646731349144099e-02 3.135960565071201338e-03 1.628731587566625144e-03 1.043192700461638639e-03 7.034996528927498546e-04 4.797953082514892038e-04 3.280360692564705414e-04 2.230094813133612699e-04 1.496064143375706455e-04 9.855442385724952912e-05 6.340965537756154875e-05
1.168198436545913037e-04 1.669092221955454616e-04 2.460320038520251223e-04 3.625516784018880160e-04 5.265506433324856775e-04 7.673273363793757908e-04 1.140700277193899478e-03 1.751645917028095412e-03 3.135960565071201338e-03 1.378727301949613654e-02 2.791273534889664176e-03 1.550929162012016152e-03 1.023654115654622958e-03 6.953207917137439655e-04 4.750171642525564302e-04 3.229024079729904797e-04 2.166466162136818324e-04 1.427482898696265346e-04 9.185940543029497043e-05
7.853440588947984021e-05 1.120063749065567250e-04 1.648038319527804713e-04 2.420722625752622017e-04 3.496896717138129685e-04 5.047743291333560292e-04 7.359708844376590311e-04 1.078548525065465636e-03 1.628731587566625578e-03 2.791273534889664176e-03 1.029469269543887774e-02 2.563706693925514504e-03 1.509631453494861665e-03 1.011888837909017194e-03 6.898700749784318631e-04 4.688317514239759504e-04 3.146042266679707007e-04 2.073560325951791174e-04 1.334695719271697324e-04
5.338354804800527316e-05 7.609908493868267868e-05 1.118928184059363553e-04 1.641601920158618428e-04 2.367023574915101474e-04 3.406099724094847122e-04 4.936611977130778454e-04 7.145087855842371851e-04 1.043192700461638422e-03 1.550929162012016152e-03 2.563706693925514937e-03 8.179221910311782959e-03 2.405727948188702767e-03 1.480620275896478606e-03 1.002042747251320363e-03 6.804126366790902306e-04 4.566534566510280875e-04 3.011068840667983785e-04 1.938910763385470737e-04
3.653081038851760078e-05 5.207494840280593165e-05 7.654154923113135717e-05 1.122531131317742911e-04 1.617637687791027585e-04 2.325530438716144654e-04 3.364727189360950505e-04 4.854210087213234001e-04 7.034996528927497461e-04 1.023654115654622741e-03 1.509631453494861882e-03 2.405727948188702767e-03 6.516429794811354551e-03 2.289408503827902730e-03 1.459420742559330332e-03 9.872754393681346715e-04 6.625895141054670683e-04 4.371376009959477096e-04 2.816527346531377146e-04
2.501048914851587747e-05 3.564881546772952431e-05 5.239467832083739976e-05 7.682930616287813675e-05 1.106945886668464366e-04 1.590894762544245770e-04 2.300686584186141656e-04 3.316323975937062753e-04 4.797953082514892580e-04 6.953207917137438571e-04 1.011888837909017194e-03 1.480620275896478606e-03 2.289408503827902730e-03 5.400719083487377607e-03 2.210624965583334652e-03 1.435566847656680840e-03 9.620801102927475142e-04 6.351408862261433272e-04 4.095902633443524962e-04
1.711357851897594981e-05 2.439443160382828656e-05 3.585162853942193190e-05 5.256986199915334888e-05 7.573890525706258804e-05 1.088439156987949758e-04 1.573872314103739523e-04 2.268215255786889303e-04 3.280360692564705414e-04 4.750171642525564302e-04 6.898700749784318631e-04 1.002042747251320363e-03 1.459420742559330332e-03 2.210624965583334652e-03 4.587988838680426631e-03 2.139669452827261658e-03 1.396163350101114076e-03 9.219069884248277773e-04 5.952744195678798082e-04
1.163525799814421383e-05 1.658432125867301385e-05 2.437433286712900612e-05 3.574076661729491358e-05 5.149270072714139920e-05 7.399972430589017507e-05 1.070024815417875135e-04 1.542062370983218180e-04 2.230094813133612699e-04 3.229024079729904797e-04 4.688317514239760588e-04 6.804126366790902306e-04 9.872754393681346715e-04 1.435566847656681057e-03 2.139669452827261658e-03 3.972600246580649738e-03 2.064043550482264587e-03 1.341212993104136516e-03 8.673851788710445262e-04
7.802773359516382298e-06 1.112223939228251319e-05 1.634651130634937763e-05 2.396979686608550109e-05 3.453498331345301317e-05 4.963190460222357891e-05 7.177080654378985693e-05 1.034396967306579733e-04 1.496064143375706455e-04 2.166466162136818324e-04 3.146042266679707549e-04 4.566534566510281417e-04 6.625895141054670683e-04 9.620801102927475142e-04 1.396163350101114076e-03 2.064043550482264153e-03 3.505582182446782217e-03 1.981574480280895185e-03 1.271003964293847830e-03
5.137950638409446050e-06 7.323698998029077621e-06 1.076397407299304338e-05 1.578416021669841519e-05 2.274203656015391157e-05 3.268512974231355502e-05 4.726791206343190001e-05 6.813162614338911984e-05 9.855442385724952912e-05 1.427482898696265346e-04 2.073560325951791174e-04 3.011068840667983242e-04 4.371376009959477096e-04 6.351408862261433272e-04 9.219069884248277773e-04 1.341212993104136516e-03 1.981574480280895185e-03 3.146985029692107427e-03 1.884446113294406750e-03
3.304650519952015976e-06 4.710506744166448697e-06 6.923344761031552308e-06 1.015248216082365089e-05 1.462818095739160476e-05 2.102451570338314851e-05 3.040636261511496733e-05 4.383077717717309989e-05 6.340965537756153520e-05 9.185940543029495688e-05 1.334695719271697053e-04 1.938910763385470737e-04 2.816527346531377146e-04 4.095902633443524962e-04 5.952744195678798082e-04 8.673851788710445262e-04 1.271003964293847613e-03 1.884446113294406750e-03 2.845298072423561083e-03
