1.393578813500000013e+00 -4.267730616436560709e+00
1.837094661699999909e+00 1.037686308388271961e+01
2.421762417100000064e+00 1.762398824577340761e+01
3.192504625499999804e+00 1.996246913320709027e+01
4.208540735499999741e+00 1.970906351406872403e+01
5.547937184000000244e+00 1.886620803104401034e+01
7.313605577899999766e+00 1.670168159729418988e+01
9.641209836199999827e+00 1.487176444542599008e+01
1.270958983400000086e+01 1.299599301246311356e+01
1.675450244399999988e+01 1.122225267299949536e+01
2.208673574699999875e+01 9.259265301957309902e+00
2.911598823199999941e+01 7.536559014806108792e+00
3.838234768600000280e+01 5.925877785832309286e+00
5.059778847900000187e+01 4.421354052520888089e+00
6.670087561799999776e+01 3.278830251651465133e+00
8.792887875099999917e+01 2.221434320754679170e+00
