1.393578813500000013e+00 -2.157785778493248596e+00
1.837094661699999909e+00 5.246593470904134193e+00
2.421762417100000064e+00 8.218508425826133390e+00
3.192504625499999804e+00 8.816603953725197229e+00
4.208540735499999741e+00 8.601678917642404443e+00
5.547937184000000244e+00 8.015257658911298932e+00
7.313605577899999766e+00 7.321525273172452053e+00
9.641209836199999827e+00 6.576208467278110703e+00
1.270958983400000086e+01 5.827595551140896113e+00
1.675450244399999988e+01 5.055517119420852801e+00
2.208673574699999875e+01 4.246753275762927160e+00
2.911598823199999941e+01 3.465953731993106413e+00
3.838234768600000280e+01 2.775899931430859446e+00
5.059778847900000187e+01 2.071441410001771288e+00
6.670087561799999776e+01 1.503070062459644030e+00
8.792887875099999917e+01 9.934100165857278064e-01
