1.719344752136506171e+00 2.151423323523385722e+00
2.258948781922383908e+00 3.833405200687499015e+00
2.967903669701889235e+00 4.360319081000700869e+00
3.899358968703078521e+00 4.281337092431125591e+00
5.123144838569642090e+00 4.010318161601213127e+00
6.731007134152709348e+00 3.691758456242831610e+00
8.843485489405761513e+00 3.374626414781831674e+00
1.161895003862225018e+01 3.058637925773598720e+00
1.526547424787727003e+01 2.724793548019073697e+00
2.005643394953757408e+01 2.373178543885958725e+00
2.635100202197120822e+01 1.998914631439721035e+00
3.462107517762099462e+01 1.621925123833186655e+00
4.548665153055994637e+01 1.254285565829673210e+00
5.976231116011131661e+01 9.079413833610761042e-01
7.851828426628527779e+01 6.147719996136389309e-01
