1.168627071449110932e-01 6.315346366263093966e-03 1.588337962575617733e-03 5.197055318166195767e-04 2.109033131315211430e-04 9.709241053817929624e-05 4.676028132253925166e-05 2.271534920422567434e-05 1.083176109928182122e-05 4.878048938732339598e-06
6.315346366263094834e-03 5.978620789743899211e-02 4.293218642186088715e-03 1.152290128317679874e-03 4.386575516570549011e-04 1.990309373631591488e-04 9.563038183810334950e-05 4.644299062889446018e-05 2.214624475023925181e-05 9.974057829418779181e-06
1.588337962575617516e-03 4.293218642186086981e-03 3.353986531169944607e-02 3.050924750588761281e-03 9.289949301750861964e-04 4.047554913343698606e-04 1.933622659641746574e-04 9.384769382468823864e-05 4.475142460720785918e-05 2.015699156577226798e-05
5.197055318166196852e-04 1.152290128317680091e-03 3.050924750588760847e-03 1.875332261913875004e-02 2.293194735104513854e-03 8.280735738909575675e-04 3.884720840083056865e-04 1.882378833145372985e-04 8.976106412960133834e-05 4.043907559829266454e-05
2.109033131315210345e-04 4.386575516570546843e-04 9.289949301750864133e-04 2.293194735104513854e-03 1.100203494096582517e-02 1.881267044808152249e-03 7.843916007615493995e-04 3.778707953782596595e-04 1.801664572692891883e-04 8.120378103044412395e-05
9.709241053817928269e-05 1.990309373631591759e-04 4.047554913343698064e-04 8.280735738909575675e-04 1.881267044808152900e-03 6.792820104341398997e-03 1.686624346231263127e-03 7.648019740562414385e-04 3.642748483478104463e-04 1.643257434994227506e-04
4.676028132253927199e-05 9.563038183810332240e-05 1.933622659641746032e-04 3.884720840083056323e-04 7.843916007615493995e-04 1.686624346231263127e-03 4.650581045078937964e-03 1.594997160019341002e-03 7.403422763778656421e-04 3.344763915459244815e-04
2.271534920422575227e-05 4.644299062889443308e-05 9.384769382468823864e-05 1.882378833145373256e-04 3.778707953782596053e-04 7.648019740562414385e-04 1.594997160019341002e-03 3.543975006062132123e-03 1.519564936653793096e-03 6.814131766020560749e-04
1.083176109928179750e-05 2.214624475023924843e-05 4.475142460720786595e-05 8.976106412960133834e-05 1.801664572692891883e-04 3.642748483478105005e-04 7.403422763778655337e-04 1.519564936653793096e-03 2.907085502442769906e-03 1.402026839854931053e-03
4.878048938732347222e-06 9.974057829418782570e-06 2.015699156577226121e-05 4.043907559829266454e-05 8.120378103044412395e-05 1.643257434994227506e-04 3.344763915459244815e-04 6.814131766020560749e-04 1.402026839854931270e-03 2.462062484138418262e-03
