6.507549843439423181e-04 5.294249207825709092e-05 1.932726607490140990e-05 8.839043032051481627e-06 4.712655046062945967e-06 2.845473031091061348e-06 1.855749323701399565e-06 1.254854607179250409e-06 8.513910041070293808e-07 5.587435407389343007e-07 3.423525402529383788e-07 1.897118431881607306e-07 9.190369326602280537e-08 2.179181800328451492e-08
5.294249207825709092e-05 3.782332644225515177e-04 4.243281946777814980e-05 1.701243725207125324e-05 8.721994920244611135e-06 5.215065104714666148e-06 3.398183421236807782e-06 2.300115077339949223e-06 1.562169680528020827e-06 1.025975762068855479e-06 6.289376080599753036e-07 3.486176466911113258e-07 1.689080046265679073e-07 4.010666028872929257e-08
1.932726607490140651e-05 4.243281946777815658e-05 2.384355127010810834e-04 3.603119750194513124e-05 1.624841987030133580e-05 9.473187962508530999e-06 6.157568415718843419e-06 4.174918468122625926e-06 2.840734167358280248e-06 1.868219138405704144e-06 1.146243511120389749e-06 6.356777852315774286e-07 3.080704700675720428e-07 7.333219114361705917e-08
8.839043032051483321e-06 1.701243725207126002e-05 3.603119750194513124e-05 1.546496345708700017e-04 3.240280016600964938e-05 1.711654544219218905e-05 1.102442708720721683e-05 7.495041708644379806e-06 5.116998524658337333e-06 3.373505787081901628e-06 2.073083048835586592e-06 1.150726252145763774e-06 5.579388747422299547e-07 1.333931430495591811e-07
4.712655046062945967e-06 8.721994920244611135e-06 1.624841987030133580e-05 3.240280016600964938e-05 1.045379996032281996e-04 3.255706054537564544e-05 1.976358130917108777e-05 1.347636913696951402e-05 9.258653347814607928e-06 6.132496454882777946e-06 3.779757546546221641e-06 2.101650712095276031e-06 1.019878907005099142e-06 2.457577121779609442e-07
2.845473031091060924e-06 5.215065104714667842e-06 9.473187962508530999e-06 1.711654544219218905e-05 3.255706054537563866e-05 8.160001411307621810e-05 3.561232040663886704e-05 2.382008831517848263e-05 1.654984785220918651e-05 1.105793215105391184e-05 6.853236009593223287e-06 3.822592345350573506e-06 1.857886873723189486e-06 4.537358702306092054e-07
1.855749323701398718e-06 3.398183421236809052e-06 6.157568415718845113e-06 1.102442708720721683e-05 1.976358130917108439e-05 3.561232040663888060e-05 7.074346759199775169e-05 4.157394550871108298e-05 2.917941709137303579e-05 1.983315715769610568e-05 1.242392150865910795e-05 6.971600930606396045e-06 3.398056775170622217e-06 8.488923037344955836e-07
1.254854607179249985e-06 2.300115077339949223e-06 4.174918468122626773e-06 7.495041708644379806e-06 1.347636913696951402e-05 2.382008831517848263e-05 4.157394550871108298e-05 7.066762997831047748e-05 4.982992808616018327e-05 3.490966250048428899e-05 2.234147529912929001e-05 1.268446157519450620e-05 6.214444391798015938e-06 1.610358390770050263e-06
8.513910041070293808e-07 1.562169680528020827e-06 2.840734167358280248e-06 5.116998524658337333e-06 9.258653347814609622e-06 1.654984785220918651e-05 2.917941709137303579e-05 4.982992808616018327e-05 7.634750217880852563e-05 5.881820815895709697e-05 3.935357202220320571e-05 2.288741586677488796e-05 1.131622718726717263e-05 3.108125031056612506e-06
5.587435407389343007e-07 1.025975762068855691e-06 1.868219138405704356e-06 3.373505787081901628e-06 6.132496454882778793e-06 1.105793215105391184e-05 1.983315715769610568e-05 3.490966250048428899e-05 5.881820815895709697e-05 8.477389386341362164e-05 6.633352292757472635e-05 4.075163012677424893e-05 2.050049303279449211e-05 6.183647000570440052e-06
3.423525402529384847e-07 6.289376080599753036e-07 1.146243511120389749e-06 2.073083048835586592e-06 3.779757546546221641e-06 6.853236009593223287e-06 1.242392150865910795e-05 2.234147529912929001e-05 3.935357202220320571e-05 6.633352292757471280e-05 9.237077843984680108e-05 6.979801948883140460e-05 3.677953249302482738e-05 1.280572950966592572e-05
1.897118431881607042e-07 3.486176466911112728e-07 6.356777852315773227e-07 1.150726252145764197e-06 2.101650712095276031e-06 3.822592345350573506e-06 6.971600930606396045e-06 1.268446157519450620e-05 2.288741586677488796e-05 4.075163012677424893e-05 6.979801948883140460e-05 9.511762923996962271e-05 6.414755555850372253e-05 2.705895381873346236e-05
9.190369326602285831e-08 1.689080046265679603e-07 3.080704700675719899e-07 5.579388747422301665e-07 1.019878907005099142e-06 1.857886873723189486e-06 3.398056775170622217e-06 6.214444391798015938e-06 1.131622718726717432e-05 2.050049303279449211e-05 3.677953249302482060e-05 6.414755555850370898e-05 8.777619966093126952e-05 5.525234541901809438e-05
2.179181800328450499e-08 4.010666028872927933e-08 7.333219114361707240e-08 1.333931430495591811e-07 2.457577121779609442e-07 4.537358702306092054e-07 8.488923037344955836e-07 1.610358390770050263e-06 3.108125031056612506e-06 6.183647000570440052e-06 1.280572950966592572e-05 2.705895381873346236e-05 5.525234541901809438e-05 8.120828092925503683e-05
