1.085800168747391107e-03 8.437641488413105814e-05 4.129367693579601845e-05 2.225385556900496759e-05 1.315963983017639210e-05 8.305770344293513172e-06 5.528565066449169722e-06 3.878597677626401570e-06 2.840368317846755649e-06 2.145000327022951442e-06 1.657208988873788583e-06 1.299057395003400321e-06 1.025608444004246074e-06 8.079409807893617845e-07 6.309965129360585705e-07 4.840296310528028282e-07 3.612503283294796774e-07 2.606004092836773085e-07 1.806374744746270541e-07
8.437641488413105814e-05 8.991859572761067357e-04 6.842506438466742071e-05 3.358006051852886861e-05 1.946352540844114993e-05 1.205512387486515436e-05 7.928620029570984394e-06 5.538692272705945988e-06 4.044963156039315873e-06 3.052939583462460232e-06 2.358329621530441807e-06 1.849095272368842835e-06 1.460340178144634975e-06 1.150715706533593975e-06 8.989156696794218205e-07 6.896663167940046989e-07 5.147983203690070161e-07 3.714042508404339405e-07 2.574599225372049303e-07
4.129367693579601845e-05 6.842506438466740715e-05 5.232371731513496679e-04 6.073714682843636340e-05 3.091283830631272512e-05 1.836775690737040432e-05 1.182154232855918451e-05 8.163491177905044891e-06 5.937873386469652829e-06 4.475336996421633632e-06 3.457123004431730067e-06 2.711695900698247129e-06 2.142578690083424723e-06 1.689059161034161725e-06 1.319939996910618531e-06 1.012983199387395620e-06 7.563033942918534532e-07 5.457278606673685471e-07 3.783445225824905063e-07
2.225385556900497097e-05 3.358006051852887539e-05 6.073714682843635662e-05 4.203152990846735211e-04 5.481607397927408710e-05 2.886285612586503093e-05 1.778575213390375613e-05 1.204631656592632119e-05 8.696270825197747052e-06 6.539239444839122021e-06 5.050623128262934713e-06 3.963707615197124941e-06 3.133979916439118366e-06 2.472182025841966988e-06 1.932949745569029199e-06 1.484055947230938111e-06 1.108364697410252148e-06 7.999510652260174129e-07 5.546823462463203322e-07
1.315963983017638702e-05 1.946352540844114315e-05 3.091283830631273190e-05 5.481607397927410743e-05 3.096608830599285791e-04 4.918484596503163011e-05 2.700045462515151569e-05 1.759318235551330791e-05 1.252401103480034097e-05 9.378010707140319288e-06 7.239529754197794088e-06 5.685494203289631340e-06 4.499636644270719802e-06 3.552630589217046245e-06 2.779801777955503600e-06 2.135490073054851332e-06 1.595600289754120537e-06 1.151981928296347634e-06 7.989578709417627345e-07
8.305770344293516560e-06 1.205512387486515605e-05 1.836775690737040093e-05 2.886285612586502415e-05 4.918484596503165044e-05 2.355791514615977690e-04 4.471486443938025820e-05 2.614652256615793797e-05 1.805029709488117562e-05 1.339842276263680583e-05 1.032934924191679770e-05 8.119124704635008474e-06 6.434357550544428871e-06 5.086710114359736576e-06 3.984429322711135597e-06 3.063479288335332103e-06 2.290445206993537459e-06 1.654411449213317960e-06 1.147786597482647023e-06
5.528565066449173110e-06 7.928620029570977617e-06 1.182154232855918621e-05 1.778575213390374936e-05 2.700045462515151569e-05 4.471486443938025142e-05 1.740048901918677933e-04 4.240162607310469150e-05 2.652003113948243838e-05 1.925041662699435518e-05 1.478361830853190125e-05 1.163112544758007950e-05 9.235621197129748354e-06 7.315245047396400726e-06 5.739189523494296498e-06 4.418165417357628872e-06 3.306431126787391508e-06 2.389915633989589482e-06 1.658847481983746264e-06
3.878597677626401570e-06 5.538692272705945988e-06 8.163491177905046585e-06 1.204631656592632458e-05 1.759318235551330791e-05 2.614652256615793797e-05 4.240162607310468473e-05 1.420256264017580425e-04 4.129113965927262611e-05 2.771022280047727676e-05 2.101897713219788246e-05 1.654082019656434680e-05 1.316919004284048214e-05 1.045968537410020705e-05 8.225124873849692787e-06 6.343328221954307648e-06 4.753661763173523389e-06 3.439393374978713059e-06 2.388920247056001136e-06
2.840368317846754802e-06 4.044963156039315873e-06 5.937873386469653676e-06 8.696270825197747052e-06 1.252401103480034097e-05 1.805029709488117562e-05 2.652003113948244516e-05 4.129113965927262611e-05 1.119561885539765468e-04 4.188953848430746916e-05 2.994474571172353142e-05 2.346493542439961593e-05 1.874594591670691217e-05 1.494991132253092109e-05 1.179682837094693589e-05 9.122462699490508110e-06 6.850255285186411392e-06 4.963635110992610692e-06 3.451105188995882952e-06
2.145000327022951442e-06 3.052939583462461079e-06 4.475336996421633632e-06 6.539239444839122021e-06 9.378010707140320982e-06 1.339842276263680583e-05 1.925041662699435518e-05 2.771022280047727676e-05 4.188953848430747594e-05 9.667125581573213298e-05 4.385821841609143927e-05 3.310968829005065729e-05 2.651733388558301721e-05 2.127214526088266707e-05 1.687259673538932657e-05 1.310017376381717775e-05 9.866892937706948552e-06 7.165007100065691570e-06 4.989073044648995225e-06
1.657208988873787525e-06 2.358329621530439689e-06 3.457123004431730067e-06 5.050623128262933866e-06 7.239529754197794088e-06 1.032934924191679770e-05 1.478361830853190125e-05 2.101897713219788246e-05 2.994474571172353142e-05 4.385821841609144605e-05 8.526611080319460197e-05 4.734098086794057136e-05 3.720850117437544464e-05 3.007793850490176013e-05 2.404573654987027673e-05 1.878499034304432518e-05 1.421350123405561997e-05 1.035518835406246135e-05 7.226514941044708158e-06
1.299057395003400110e-06 1.849095272368841565e-06 2.711695900698247129e-06 3.963707615197124941e-06 5.685494203289631340e-06 8.119124704635008474e-06 1.163112544758007950e-05 1.654082019656434680e-05 2.346493542439961593e-05 3.310968829005065729e-05 4.734098086794057136e-05 8.113469196201507079e-05 5.205378103951908205e-05 4.194285642332021356e-05 3.392249883193400941e-05 2.675348515089652368e-05 2.038435604996843918e-05 1.492423148234291180e-05 1.044985080644730895e-05
1.025608444004246286e-06 1.460340178144634128e-06 2.142578690083424723e-06 3.133979916439119213e-06 4.499636644270719802e-06 6.434357550544427177e-06 9.235621197129748354e-06 1.316919004284048214e-05 1.874594591670691217e-05 2.651733388558301721e-05 3.720850117437544464e-05 5.205378103951908205e-05 7.987758338526185946e-05 5.769116915862220938e-05 4.709289537397091176e-05 3.769677600352494692e-05 2.903796349724825318e-05 2.142178083164616423e-05 1.507577124457219449e-05
8.079409807893618903e-07 1.150715706533593551e-06 1.689059161034161301e-06 2.472182025841966565e-06 3.552630589217045822e-06 5.086710114359737423e-06 7.315245047396399879e-06 1.045968537410020705e-05 1.494991132253092109e-05 2.127214526088266707e-05 3.007793850490176013e-05 4.194285642332021356e-05 5.769116915862220938e-05 8.191730150255997409e-05 6.404204312597153821e-05 5.224649117386833617e-05 4.096383983998203059e-05 3.058569972182282752e-05 2.169596700989412751e-05
6.309965129360579353e-07 8.989156696794218205e-07 1.319939996910618954e-06 1.932949745569029199e-06 2.779801777955503600e-06 3.984429322711135597e-06 5.739189523494296498e-06 8.225124873849692787e-06 1.179682837094693759e-05 1.687259673538932657e-05 2.404573654987027673e-05 3.392249883193400263e-05 4.709289537397091176e-05 6.404204312597153821e-05 8.572461747328595678e-05 7.040670706447721568e-05 5.670514749644349858e-05 4.318831799166487434e-05 3.102685152840373541e-05
4.840296310528029341e-07 6.896663167940052283e-07 1.012983199387395832e-06 1.484055947230937687e-06 2.135490073054851332e-06 3.063479288335332103e-06 4.418165417357628872e-06 6.343328221954307648e-06 9.122462699490508110e-06 1.310017376381718114e-05 1.878499034304432518e-05 2.675348515089652368e-05 3.769677600352494014e-05 5.224649117386832262e-05 7.040670706447721568e-05 9.035650947701033043e-05 7.618432698381624518e-05 6.000239107535060973e-05 4.404813467303088793e-05
3.612503283294794127e-07 5.147983203690070161e-07 7.563033942918534532e-07 1.108364697410252148e-06 1.595600289754120749e-06 2.290445206993537036e-06 3.306431126787391508e-06 4.753661763173524236e-06 6.850255285186413086e-06 9.866892937706948552e-06 1.421350123405561828e-05 2.038435604996843918e-05 2.903796349724825318e-05 4.096383983998203059e-05 5.670514749644348502e-05 7.618432698381624518e-05 9.503090281414442375e-05 8.082150588156949490e-05 6.171215308951419104e-05
2.606004092836775203e-07 3.714042508404340464e-07 5.457278606673686530e-07 7.999510652260174129e-07 1.151981928296347634e-06 1.654411449213317748e-06 2.389915633989589482e-06 3.439393374978713059e-06 4.963635110992610692e-06 7.165007100065691570e-06 1.035518835406246135e-05 1.492423148234290841e-05 2.142178083164616423e-05 3.058569972182283430e-05 4.318831799166487434e-05 6.000239107535060973e-05 8.082150588156949490e-05 9.887520319126195695e-05 8.357558405595098101e-05
1.806374744746270541e-07 2.574599225372049303e-07 3.783445225824905063e-07 5.546823462463202263e-07 7.989578709417628404e-07 1.147786597482647023e-06 1.658847481983746264e-06 2.388920247056001136e-06 3.451105188995883799e-06 4.989073044648995225e-06 7.226514941044706464e-06 1.044985080644730895e-05 1.507577124457219449e-05 2.169596700989413090e-05 3.102685152840373541e-05 4.404813467303089471e-05 6.171215308951419104e-05 8.357558405595099456e-05 1.007377359414384947e-04
