5.986606498329276604e-01
7.038999017673949199e-01
8.090037437857702241e-01
9.140191183328186808e-01
1.018973483183879924e+00
1.123883983640756812e+00
1.228761883709460490e+00
1.333614891115939782e+00
1.438448459279048963e+00
1.543266555907897297e+00
1.648072137013895766e+00
1.752867450227199031e+00
1.857654235106704910e+00
1.962433859087072241e+00
2.067207411973921882e+00
2.171975773025260459e+00
2.276739659472782229e+00
2.381499662211929103e+00
2.486256272453413629e+00
2.591009901899296697e+00
2.695760898208159340e+00
2.800509556984872361e+00
2.905256131173445500e+00
3.010000838486430741e+00
3.114743867333704674e+00
3.219485381592773976e+00
3.324225524476426941e+00
3.428964421690929854e+00
3.533702184032113891e+00
3.638438909532733412e+00
3.743174685249056388e+00
3.847909588755480836e+00
3.952643689401388549e+00
4.057377049373206646e+00
4.162109724596041893e+00
4.266841765502439543e+00
4.371573217690592372e+00
4.476304122490102344e+00
4.581034517450089716e+00
4.685764436761830076e+00
4.790493911625917534e+00
4.895222970572284282e+00
4.999951639739986575e+00
5.104679943122531149e+00
5.209407902783602218e+00
5.314135539047275536e+00
5.418862870666159459e+00
5.523589914970409076e+00
5.628316688000098544e+00
5.733043204623076150e+00
5.837769478640133514e+00
5.942495522879054803e+00
6.047221349278877334e+00
6.151946968965565254e+00
6.256672392320060005e+00
6.361397629039622359e+00
6.466122688193204127e+00
6.570847578271527212e+00
6.675572307232444658e+00
6.780296882542103276e+00
6.885021311212343065e+00
6.989745599834733980e+00
7.094469754611602674e+00
7.199193781384345847e+00
7.303917685659307324e+00
7.408641472631465774e+00
7.513365147206132910e+00
7.618088714018869112e+00
7.722812177453772797e+00
7.827535541660306073e+00
7.932258810568782792e+00
8.036981987904649571e+00
8.141705077201663698e+00
8.246428081814062949e+00
8.351151004927823251e+00
8.455873849571082346e+00
8.560596618623792509e+00
8.665319314826675168e+00
8.770041940789536028e+00
8.874764498998988671e+00
8.979486991825634590e+00
9.084209421530767159e+00
9.188931790272578226e+00
9.293654100111981009e+00
9.398376353018029761e+00
9.503098550872978834e+00
9.607820695477007789e+00
9.712542788552662287e+00
9.817264831748984122e+00
9.921986826645378343e+00
1.002670877475528144e+01
1.013143067752954352e+01
1.023615253635963995e+01
1.034087435258067522e+01
1.044559612747421973e+01
1.055031786227094948e+01
1.065503955815316139e+01
1.075976121625711990e+01
1.086448283767527734e+01
1.096920442345837010e+01
1.107392597461738148e+01
1.117864749212541575e+01
1.128336897691944607e+01
1.138809042990197895e+01
1.149281185194262989e+01
1.159753324387959772e+01
1.170225460652108396e+01
1.180697594064660905e+01
1.191169724700828425e+01
1.201641852633199825e+01
1.212113977931855580e+01
1.222586100664474884e+01
1.233058220896437618e+01
1.243530338690921688e+01
1.254002454108994158e+01
1.264474567209698819e+01
1.274946678050140214e+01
1.285418786685561088e+01
1.295890893169419300e+01
1.306362997553457994e+01
1.316835099887774163e+01
1.327307200220884376e+01
1.337779298599785704e+01
1.348251395070015057e+01
1.358723489675705132e+01
1.369195582459638771e+01
1.379667673463299771e+01
1.390139762726921724e+01
1.400611850289535454e+01
1.411083936189012356e+01
1.421556020462108272e+01
1.432028103144503994e+01
1.442500184270843810e+01
1.452972263874773162e+01
1.463444341988975239e+01
1.473916418645203130e+01
1.484388493874314996e+01
1.494860567706303556e+01
1.505332640170326997e+01
1.515804711294738283e+01
1.526276781107111447e+01
1.536748849634269476e+01
1.547220916902308652e+01
1.557692982936624126e+01
1.568165047761931952e+01
1.578637111402292881e+01
1.589109173881133330e+01
1.599581235221266162e+01
1.610053295444910404e+01
1.620525354573711851e+01
1.630997412628758525e+01
1.641469469630602163e+01
1.651941525599271898e+01
1.662413580554293091e+01
1.672885634514701891e+01
1.683357687499060873e+01
1.693829739525473599e+01
1.704301790611598122e+01
1.714773840774661551e+01
1.725245890031473195e+01
1.735717938398435578e+01
1.746189985891559004e+01
1.756662032526471151e+01
1.767134078318429147e+01
1.777606123282330941e+01
1.788078167432725962e+01
1.798550210783823999e+01
1.809022253349506215e+01
1.819494295143333673e+01
1.829966336178557995e+01
1.840438376468127757e+01
1.850910416024699856e+01
1.861382454860645908e+01
1.871854492988060414e+01
1.882326530418768940e+01
1.892798567164335566e+01
1.903270603236069292e+01
1.913742638645031491e+01
1.924214673402044440e+01
1.934686707517693449e+01
1.945158741002337877e+01
1.955630773866114680e+01
1.966102806118944457e+01
1.976574837770537485e+01
1.987046868830400115e+01
1.997518899307839035e+01
2.007990929211966247e+01
2.018462958551705455e+01
2.028934987335795270e+01
2.039407015572795601e+01
2.049879043271090850e+01
2.060351070438895604e+01
2.070823097084257824e+01
2.081295123215063114e+01
2.091767148839040047e+01
2.102239173963762298e+01
2.112711198596654327e+01
2.123183222744993870e+01
2.133655246415915130e+01
2.144127269616413400e+01
2.154599292353348261e+01
2.165071314633445709e+01
2.175543336463303135e+01
2.186015357849391094e+01
2.196487378798056511e+01
2.206959399315526937e+01
2.217431419407910553e+01
2.227903439081202208e+01
2.238375458341284130e+01
2.248847477193927702e+01
2.259319495644799858e+01
2.269791513699460950e+01
2.280263531363369722e+01
2.290735548641885089e+01
2.301207565540268263e+01
2.311679582063685956e+01
2.322151598217210378e+01
2.332623614005823498e+01
2.343095629434418825e+01
2.353567644507800694e+01
2.364039659230691015e+01
2.374511673607725726e+01
2.384983687643461536e+01
2.395455701342373800e+01
2.405927714708861131e+01
2.416399727747245763e+01
2.426871740461774607e+01
2.437343752856621748e+01
2.447815764935890570e+01
2.458287776703614114e+01
2.468759788163756852e+01
2.479231799320216467e+01
2.489703810176824206e+01
2.500175820737349142e+01
2.510647831005495334e+01
2.521119840984906091e+01
2.531591850679165390e+01
2.542063860091796812e+01
2.552535869226266030e+01
2.563007878085983293e+01
2.573479886674302364e+01
2.583951894994523357e+01
2.594423903049892388e+01
2.604895910843603346e+01
2.615367918378800027e+01
2.625839925658575069e+01
2.636311932685972437e+01
2.646783939463987068e+01
2.657255945995568425e+01
2.667727952283617299e+01
2.678199958330991493e+01
2.688671964140502624e+01
2.699143969714919677e+01
2.709615975056967940e+01
2.720087980169331487e+01
2.730559985054652827e+01
2.741031989715534323e+01
2.751503994154538191e+01
2.761975998374188990e+01
2.772448002376971843e+01
2.782920006165334570e+01
2.793392009741689108e+01
2.803864013108410802e+01
2.814336016267840179e+01
2.824808019222281885e+01
2.835280021974007880e+01
2.845752024525256019e+01
2.856224026878231115e+01
2.866696029035105653e+01
2.877168030998022275e+01
2.887640032769089515e+01
2.898112034350387844e+01
2.908584035743967533e+01
2.919056036951847943e+01
2.929528037976020727e+01
2.940000038818449468e+01
2.950472039481068975e+01
2.960944039965786700e+01
2.971416040274483805e+01
2.981888040409015161e+01
2.992360040371209351e+01
3.002832040162868310e+01
3.013304039785771238e+01
3.023776039241671043e+01
3.034248038532296832e+01
3.044720037659353196e+01
3.055192036624523411e+01
3.065664035429465883e+01
3.076136034075816639e+01
3.086608032565190385e+01
3.097080030899178738e+01
3.107552029079353417e+01
3.118024027107264118e+01
3.128496024984439217e+01
3.138968022712387906e+01
3.149440020292598419e+01
3.159912017726539446e+01
3.170384015015661205e+01
3.180856012161392954e+01
3.191328009165147250e+01
3.201800006028316403e+01
3.212272002752276023e+01
3.222743999338381826e+01
3.233215995787975316e+01
3.243687992102377393e+01
3.254159988282893323e+01
3.264631984330811321e+01
3.275103980247403257e+01
3.285575976033926082e+01
3.296047971691618272e+01
3.306519967221704093e+01
3.316991962625392176e+01
3.327463957903876945e+01
3.337935953058335059e+01
3.348407948089931097e+01
3.358879942999814006e+01
3.369351937789119233e+01
3.379823932458966596e+01
3.390295927010463828e+01
3.400767921444703745e+01
3.411239915762766373e+01
3.421711909965718945e+01
3.432183904054614487e+01
3.442655898030493233e+01
3.453127891894384760e+01
3.463599885647303722e+01
3.474071879290254827e+01
3.484543872824227861e+01
3.495015866250204084e+01
3.505487859569150544e+01
3.515959852782023631e+01
3.526431845889767658e+01
3.536903838893318408e+01
3.547375831793596035e+01
3.557847824591514296e+01
3.568319817287973450e+01
3.578791809883865938e+01
3.589263802380069279e+01
3.599735794777455311e+01
3.610207787076883079e+01
3.620679779279203103e+01
3.631151771385255245e+01
3.641623763395870128e+01
3.652095755311868430e+01
3.662567747134063012e+01
3.673039738863254655e+01
3.683511730500237036e+01
3.693983722045794593e+01
3.704455713500701819e+01
3.714927704865726810e+01
3.725399696141626293e+01
3.735871687329149893e+01
3.746343678429040125e+01
3.756815669442028138e+01
3.767287660368838687e+01
3.777759651210188707e+01
3.788231641966788033e+01
3.798703632639335837e+01
3.809175623228527030e+01
3.819647613735045866e+01
3.830119604159570912e+01
3.840591594502772921e+01
3.851063584765315539e+01
3.861535574947853888e+01
3.872007565051038824e+01
3.882479555075511257e+01
3.892951545021907123e+01
3.903423534890853830e+01
3.913895524682973814e+01
3.924367514398881696e+01
3.934839504039186409e+01
3.945311493604489783e+01
3.955783483095387254e+01
3.966255472512468572e+01
3.976727461856315671e+01
3.987199451127507643e+01
3.997671440326613634e+01
4.008143429454199946e+01
4.018615418510825066e+01
4.029087407497041795e+01
4.039559396413398673e+01
4.050031385260437133e+01
4.060503374038693636e+01
4.070975362748698956e+01
4.081447351390978184e+01
4.091919339966051439e+01
4.102391328474433152e+01
4.112863316916633494e+01
4.123335305293156239e+01
4.133807293604500188e+01
4.144279281851159880e+01
4.154751270033625588e+01
4.165223258152378349e+01
4.175695246207900624e+01
4.186167234200664922e+01
4.196639222131141622e+01
4.207111209999796841e+01
4.217583197807089590e+01
4.228055185553477457e+01
4.238527173239409507e+01
4.248999160865335512e+01
4.259471148431696008e+01
4.269943135938929402e+01
4.280415123387471255e+01
4.290887110777750024e+01
4.301359098110190615e+01
4.311831085385215800e+01
4.322303072603241958e+01
4.332775059764684045e+01
4.343247046869948491e+01
4.353719033919443149e+01
4.364191020913568053e+01
4.374663007852722529e+01
4.385134994737297376e+01
4.395606981567686233e+01
4.406078968344272084e+01
4.416550955067440754e+01
4.427022941737568829e+01
4.437494928355034318e+01
4.447966914920205994e+01
4.458438901433455470e+01
4.468910887895145123e+01
4.479382874305638751e+01
4.489854860665293046e+01
4.500326846974463990e+01
4.510798833233502592e+01
4.521270819442756306e+01
4.531742805602573299e+01
4.542214791713291788e+01
4.552686777775252835e+01
4.563158763788790395e+01
4.573630749754239844e+01
4.584102735671928031e+01
4.594574721542182516e+01
4.605046707365328018e+01
4.615518693141683571e+01
4.625990678871567496e+01
4.636462664555294566e+01
4.646934650193177418e+01
4.657406635785524429e+01
4.667878621332641842e+01
4.678350606834834480e+01
4.688822592292403613e+01
4.699294577705646248e+01
4.709766563074858681e+01
4.720238548400334366e+01
4.730710533682362495e+01
4.741182518921232258e+01
4.751654504117227873e+01
4.762126489270633556e+01
4.772598474381728550e+01
4.783070459450791390e+01
4.793542444478097053e+01
4.804014429463919100e+01
4.814486414408527537e+01
4.824958399312191659e+01
4.835430384175176499e+01
4.845902368997747089e+01
4.856374353780163489e+01
4.866846338522685045e+01
4.877318323225568975e+01
4.887790307889071073e+01
4.898262292513442162e+01
4.908734277098933774e+01
4.919206261645795308e+01
4.929678246154269772e+01
4.940150230624604433e+01
4.950622215057039455e+01
4.961094199451815712e+01
4.971566183809171235e+01
4.982038168129340505e+01
4.992510152412559421e+01
5.002982136659058909e+01
5.013454120869069186e+01
5.023926105042819046e+01
5.034398089180535152e+01
5.044870073282439904e+01
5.055342057348757834e+01
5.065814041379708499e+01
5.076286025375511457e+01
5.086758009336382713e+01
5.097229993262538272e+01
5.107701977154192718e+01
5.118173961011556372e+01
5.128645944834839554e+01
5.139117928624251164e+01
5.149589912379996548e+01
5.160061896102281764e+01
5.170533879791310738e+01
5.181005863447283843e+01
5.191477847070402163e+01
5.201949830660862517e+01
5.212421814218863148e+01
5.222893797744598743e+01
5.233365781238263281e+01
5.243837764700049320e+01
5.254309748130145863e+01
5.264781731528744046e+01
5.275253714896030033e+01
5.285725698232190695e+01
5.296197681537410062e+01
5.306669664811870746e+01
5.317141648055756775e+01
5.327613631269246497e+01
5.338085614452518968e+01
5.348557597605752534e+01
5.359029580729122699e+01
5.369501563822803547e+01
5.379973546886969871e+01
5.390445529921792911e+01
5.400917512927443198e+01
5.411389495904089841e+01
5.421861478851901239e+01
5.432333461771045080e+01
5.442805444661686209e+01
5.453277427523988052e+01
5.463749410358114744e+01
5.474221393164226157e+01
5.484693375942485005e+01
5.495165358693049029e+01
5.505637341416076680e+01
5.516109324111724987e+01
5.526581306780149561e+01
5.537053289421504587e+01
5.547525272035944255e+01
5.557997254623619199e+01
5.568469237184681475e+01
5.578941219719279587e+01
5.589413202227564170e+01
5.599885184709683017e+01
5.610357167165781078e+01
5.620829149596003305e+01
5.631301132000496068e+01
5.641773114379400766e+01
5.652245096732861640e+01
5.662717079061017955e+01
5.673189061364011110e+01
5.683661043641978949e+01
5.694133025895061451e+01
5.704605008123394327e+01
5.715076990327113293e+01
5.725548972506354062e+01
5.736020954661250215e+01
5.746492936791936046e+01
5.756964918898541583e+01
5.767436900981200409e+01
5.777908883040041133e+01
5.788380865075193071e+01
5.798852847086785545e+01
5.809324829074945029e+01
5.819796811039798001e+01
5.830268792981471648e+01
5.840740774900088184e+01
5.851212756795772663e+01
5.861684738668648009e+01
5.872156720518836437e+01
5.882628702346458738e+01
5.893100684151635704e+01
5.903572665934485286e+01
5.914044647695128276e+01
5.924516629433681203e+01
5.934988611150259885e+01
5.945460592844983694e+01
5.955932574517964895e+01
5.966404556169319306e+01
5.976876537799159195e+01
5.987348519407599667e+01
5.997820500994750859e+01
6.008292482560725745e+01
6.018764464105633039e+01
6.029236445629584296e+01
6.039708427132687518e+01
6.050180408615051419e+01
6.060652390076782581e+01
6.071124371517989005e+01
6.081596352938775851e+01
6.092068334339248992e+01
6.102540315719512165e+01
6.113012297079670532e+01
6.123484278419825699e+01
6.133956259740081407e+01
6.144428241040539262e+01
6.154900222321298742e+01
6.165372203582462873e+01
6.175844184824129712e+01
6.186316166046398024e+01
6.196788147249366574e+01
6.207260128433132707e+01
6.217732109597794476e+01
6.228204090743447097e+01
6.238676071870187201e+01
6.249148052978109291e+01
6.259620034067307159e+01
6.270092015137876729e+01
6.280563996189909659e+01
6.291035977223497611e+01
6.301507958238734375e+01
6.311979939235710191e+01
6.322451920214517429e+01
6.332923901175243486e+01
6.343395882117980022e+01
6.353867863042815856e+01
6.364339843949837672e+01
6.374811824839135710e+01
6.385283805710795235e+01
6.395755786564903644e+01
6.406227767401546203e+01
6.416699748220810307e+01
6.427171729022778379e+01
6.437643709807538528e+01
6.448115690575168912e+01
6.458587671325759061e+01
6.469059652059387133e+01
6.479531632776138395e+01
6.490003613476092426e+01
6.500475594159330228e+01
6.510947574825935646e+01
6.521419555475985419e+01
6.531891536109560548e+01
6.542363516726739192e+01
6.552835497327602354e+01
6.563307477912225352e+01
6.573779458480686344e+01
6.584251439033064912e+01
6.594723419569433531e+01
6.605195400089871782e+01
6.615667380594454983e+01
6.626139361083255608e+01
6.636611341556351817e+01
6.647083322013814666e+01
6.657555302455720891e+01
6.668027282882141549e+01
6.678499263293151955e+01
6.688971243688821744e+01
6.699443224069223390e+01
6.709915204434429370e+01
6.720387184784510737e+01
6.730859165119537124e+01
6.741331145439579586e+01
6.751803125744706335e+01
6.762275106034989847e+01
6.772747086310495490e+01
6.783219066571294320e+01
6.793691046817451706e+01
6.804163027049038703e+01
6.814635007266117839e+01
6.825106987468760167e+01
6.835578967657029636e+01
6.846050947830994460e+01
6.856522927990718586e+01
6.866994908136265963e+01
6.877466888267703382e+01
6.887938868385094793e+01
6.898410848488502722e+01
6.908882828577992541e+01
6.919354808653626776e+01
6.929826788715469377e+01
6.940298768763580028e+01
6.950770748798022680e+01
6.961242728818859860e+01
6.971714708826152673e+01
6.982186688819959386e+01
6.992658668800341104e+01
7.003130648767361777e+01
7.013602628721076826e+01
7.024074608661550201e+01
7.034546588588835903e+01
7.045018568502997880e+01
7.055490548404090134e+01
7.065962528292175193e+01
7.076434508167305637e+01
7.086906488029542572e+01
7.097378467878942843e+01
7.107850447715561870e+01
7.118322427539455077e+01
7.128794407350682150e+01
7.139266387149297088e+01
7.149738366935353895e+01
7.160210346708907991e+01
7.170682326470016221e+01
7.181154306218731165e+01
7.191626285955108244e+01
7.202098265679200040e+01
7.212570245391060553e+01
7.223042225090743784e+01
7.233514204778300893e+01
7.243986184453785881e+01
7.254458164117251329e+01
7.264930143768746973e+01
7.275402123408326815e+01
7.285874103036040594e+01
7.296346082651942311e+01
7.306818062256078861e+01
7.317290041848502824e+01
7.327762021429263939e+01
7.338234000998413364e+01
7.348705980555999417e+01
7.359177960102070415e+01
7.369649939636678937e+01
7.380121919159870458e+01
7.390593898671694717e+01
7.401065878172201451e+01
7.411537857661433293e+01
7.422009837139445665e+01
7.432481816606279779e+01
7.442953796061988214e+01
7.453425775506610762e+01
7.463897754940201423e+01
7.474369734362801410e+01
7.484841713774459038e+01
7.495313693175221204e+01
7.505785672565130540e+01
7.516257651944233942e+01
7.526729631312576885e+01
7.537201610670204843e+01
7.547673590017160450e+01
7.558145569353489179e+01
7.568617548679236506e+01
7.579089527994443642e+01
7.589561507299156062e+01
7.600033486593416399e+01
7.610505465877267284e+01
7.620977445150752771e+01
7.631449424413915494e+01
7.641921403666796664e+01
7.652393382909440334e+01
7.662865362141886294e+01
7.673337341364177178e+01
7.683809320576355617e+01
7.694281299778461403e+01
7.704753278970535746e+01
7.715225258152621279e+01
7.725697237324756372e+01
7.736169216486982236e+01
7.746641195639340083e+01
7.757113174781868281e+01
7.767585153914608043e+01
7.778057133037596316e+01
7.788529112150877154e+01
7.799001091254484663e+01
7.809473070348461476e+01
7.819945049432843120e+01
7.830417028507670807e+01
7.840889007572980063e+01
7.851360986628812100e+01
7.861832965675202445e+01
7.872304944712190888e+01
7.882776923739811537e+01
7.893248902758104180e+01
7.903720881767105766e+01
7.914192860766853244e+01
7.924664839757383561e+01
7.935136818738730824e+01
7.945608797710934823e+01
7.956080776674029664e+01
7.966552755628050875e+01
7.977024734573035403e+01
7.987496713509018775e+01
7.997968692436033677e+01
8.008440671354118479e+01
8.018912650263307285e+01
8.029384629163635623e+01
8.039856608055136178e+01
8.050328586937843056e+01
8.060800565811794627e+01
8.071272544677020733e+01
8.081744523533558322e+01
8.092216502381438659e+01
8.102688481220694428e+01
8.113160460051362577e+01
8.123632438873474371e+01
8.134104417687063915e+01
8.144576396492162473e+01
8.155048375288802731e+01
8.165520354077020215e+01
8.175992332856844769e+01
8.186464311628306234e+01
8.196936290391441560e+01
8.207408269146280588e+01
8.217880247892854584e+01
8.228352226631194810e+01
8.238824205361333952e+01
8.249296184083301853e+01
8.259768162797131197e+01
8.270240141502850406e+01
8.280712120200492166e+01
8.291184098890089160e+01
8.301656077571668391e+01
8.312128056245259700e+01
8.322600034910895772e+01
8.333072013568603609e+01
8.343543992218417316e+01
8.354015970860363893e+01
8.364487949494473185e+01
8.374959928120773611e+01
8.385431906739296437e+01
8.395903885350071505e+01
8.406375863953122973e+01
8.416847842548484948e+01
8.427319821136181588e+01
8.437791799716245578e+01
8.448263778288703918e+01
8.458735756853583609e+01
8.469207735410913074e+01
8.479679713960722154e+01
8.490151692503036429e+01
8.500623671037884321e+01
8.511095649565294252e+01
8.521567628085293222e+01
8.532039606597906811e+01
8.542511585103163441e+01
8.552983563601092953e+01
8.563455542091718087e+01
8.573927520575065842e+01
8.584399499051166060e+01
8.594871477520042902e+01
8.605343455981721945e+01
8.615815434436230191e+01
8.626287412883596062e+01
8.636759391323842294e+01
8.647231369756997310e+01
8.657703348183085268e+01
8.668175326602130326e+01
8.678647305014162328e+01
8.689119283419204010e+01
8.699591261817279531e+01
8.710063240208414470e+01
8.720535218592637250e+01
8.731007196969966344e+01
8.741479175340433017e+01
8.751951153704058584e+01
8.762423132060868625e+01
8.772895110410885877e+01
8.783367088754135921e+01
8.793839067090642914e+01
8.804311045420431014e+01
8.814783023743522961e+01
8.825255002059945753e+01
8.835726980369719286e+01
8.846198958672869139e+01
8.856670936969419472e+01
8.867142915259391600e+01
8.877614893542809682e+01
8.888086871819699297e+01
8.898558850090078920e+01
8.909030828353972709e+01
8.919502806611407664e+01
8.929974784862403681e+01
8.940446763106980654e+01
8.950918741345165586e+01
8.961390719576978370e+01
8.971862697802440323e+01
8.982334676021577025e+01
8.992806654234408370e+01
9.003278632440957097e+01
9.013750610641244521e+01
9.024222588835293379e+01
9.034694567023124989e+01
9.045166545204759245e+01
9.055638523380220306e+01
9.066110501549528067e+01
9.076582479712702423e+01
9.087054457869768953e+01
9.097526436020744711e+01
9.107998414165652434e+01
9.118470392304510597e+01
9.128942370437344778e+01
9.139414348564172030e+01
9.149886326685013671e+01
9.160358304799891016e+01
9.170830282908822539e+01
9.181302261011830979e+01
9.191774239108934808e+01
9.202246217200156764e+01
9.212718195285513900e+01
9.223190173365026112e+01
9.233662151438717558e+01
9.244134129506602449e+01
9.254606107568704942e+01
9.265078085625040671e+01
9.275550063675633794e+01
9.286022041720499942e+01
9.296494019759659011e+01
9.306965997793130896e+01
9.317437975820936913e+01
9.327909953843092694e+01
9.338381931859618135e+01
9.348853909870534551e+01
9.359325887875856154e+01
9.369797865875607101e+01
9.380269843869801605e+01
9.390741821858460980e+01
9.401213799841603702e+01
9.411685777819245402e+01
9.422157755791407396e+01
9.432629733758106738e+01
9.443101711719361901e+01
9.453573689675189939e+01
9.464045667625609326e+01
9.474517645570639957e+01
9.484989623510297463e+01
9.495461601444600319e+01
9.505933579373565578e+01
9.516405557297211715e+01
9.526877535215555781e+01
9.537349513128616252e+01
9.547821491036408759e+01
9.558293468938953197e+01
9.568765446836263777e+01
9.579237424728358974e+01
9.589709402615255840e+01
9.600181380496972849e+01
9.610653358373524213e+01
9.621125336244929827e+01
9.631597314111202479e+01
9.642069291972362066e+01
9.652541269828427062e+01
9.663013247679407414e+01
9.673485225525325859e+01
9.683957203366195188e+01
9.694429181202035295e+01
9.704901159032857549e+01
9.715373136858681846e+01
9.725845114679523817e+01
9.736317092495400516e+01
9.746789070306324732e+01
9.757261048112314938e+01
9.767733025913386768e+01
9.778205003709554433e+01
9.788676981500834984e+01
9.799148959287244054e+01
9.809620937068795854e+01
9.820092914845510279e+01
9.830564892617397277e+01
9.841036870384475321e+01
9.851508848146758623e+01
9.861980825904264236e+01
9.872452803657004949e+01
9.882924781404996395e+01
9.893396759148255626e+01
9.903868736886795432e+01
9.914340714620631445e+01
9.924812692349779297e+01
9.935284670074253199e+01
9.945756647794067362e+01
9.956228625509238839e+01
9.966700603219778998e+01
9.977172580925704892e+01
9.987644558627027891e+01
9.998116536323766468e+01
1.000858851401593199e+02
1.001906049170354152e+02
1.002953246938660641e+02
1.004000444706514372e+02
1.005047642473916625e+02
1.006094840240868677e+02
1.007142038007372093e+02
1.008189235773428152e+02
1.009236433539038558e+02
1.010283631304204164e+02
1.011330829068926960e+02
1.012378026833207798e+02
1.013425224597048242e+02
1.014472422360449997e+02
1.015519620123413773e+02
1.016566817885941418e+02
1.017614015648034069e+02
1.018661213409693147e+02
1.019708411170919931e+02
1.020755608931715699e+02
1.021802806692081731e+02
1.022850004452019732e+02
1.023897202211530697e+02
1.024944399970615905e+02
1.025991597729276776e+02
1.027038795487514591e+02
1.028085993245330485e+02
1.029133191002726022e+02
1.030180388759702481e+02
1.031227586516260857e+02
1.032274784272402570e+02
1.033321982028128900e+02
1.034369179783441126e+02
1.035416377538340527e+02
1.036463575292828097e+02
1.037510773046905399e+02
1.038557970800573571e+02
1.039605168553833892e+02
1.040652366306687640e+02
1.041699564059135668e+02
1.042746761811179681e+02
1.043793959562820532e+02
1.044841157314059643e+02
1.045888355064898434e+02
1.046935552815337473e+02
1.047982750565378467e+02
1.049029948315022409e+02
1.050077146064270721e+02
1.051124343813124256e+02
1.052171541561584291e+02
1.053218739309652250e+02
1.054265937057328983e+02
1.055313134804615771e+02
1.056360332551513750e+02
1.057407530298024199e+02
1.058454728044148254e+02
1.059501925789886769e+02
1.060549123535241165e+02
1.061596321280212578e+02
1.062643519024802146e+02
1.063690716769010720e+02
1.064737914512839723e+02
1.065785112256290148e+02
1.066832309999363133e+02
1.067879507742059815e+02
1.068926705484381330e+02
1.069973903226328673e+02
1.071021100967903124e+02
1.072068298709105534e+02
1.073115496449937183e+02
1.074162694190399066e+02
1.075209891930492176e+02
1.076257089670217795e+02
1.077304287409576915e+02
1.078351485148570532e+02
1.079398682887199783e+02
1.080445880625465662e+02
1.081493078363369307e+02
1.082540276100911569e+02
1.083587473838093871e+02
1.084634671574917064e+02
1.085681869311382002e+02
1.086729067047489963e+02
1.087776264783241942e+02
1.088823462518638649e+02
1.089870660253681791e+02
1.090917857988371793e+02
1.091965055722709792e+02
1.093012253456696925e+02
1.094059451190334045e+02
1.095106648923622430e+02
1.096153846656562649e+02
1.097201044389156124e+02
1.098248242121403706e+02
1.099295439853306249e+02
1.100342637584864889e+02
