7.664036507950285721e-04 9.178180668111870491e-04 2.747450747155856196e-04 2.108806028316926727e-04 2.006229568312112592e-04 1.905355872052712013e-04 1.934758680826108670e-04 1.942562329552228659e-04 1.940000352905745255e-04 1.898097984738915096e-04 1.995455556456553290e-04 1.908582706967982504e-04 1.869754077275716264e-04 1.807438597894581633e-04 1.620240210875679499e-04 1.782606531121048890e-04
9.178180668111870491e-04 1.111659194350734809e-03 2.821293760818502816e-04 2.055428599671475873e-04 1.939805886722381623e-04 1.810278891178767355e-04 1.853112511715882362e-04 1.864655503704262330e-04 1.838724232914118136e-04 1.793607295520174480e-04 1.900759451450264508e-04 1.797485145453060220e-04 1.743533493149258915e-04 1.689926527977359493e-04 1.522523148775644709e-04 1.774972359684591939e-04
2.747450747155856196e-04 2.821293760818502816e-04 4.387880274064294623e-04 2.828920343310944194e-04 2.542661348994139673e-04 2.637504174900009448e-04 2.574918220880569627e-04 2.491300470449876107e-04 2.610648296231285297e-04 2.547185045021464625e-04 2.613302408403805639e-04 2.600661386294868911e-04 2.582230358989564124e-04 2.481335531691805912e-04 2.189918949235573561e-04 2.180468933220051876e-04
2.108806028316926727e-04 2.055428599671475873e-04 2.828920343310944194e-04 2.954434809223053940e-04 2.431036283051657280e-04 2.429336121008869576e-04 2.356909057763184666e-04 2.337676970503305281e-04 2.441949589711903666e-04 2.422892710841379632e-04 2.479883258535438935e-04 2.460237591783884475e-04 2.474180395544060373e-04 2.351433365529812523e-04 2.095442368500714683e-04 1.964797648651111616e-04
2.006229568312112592e-04 1.939805886722381623e-04 2.542661348994139673e-04 2.431036283051657280e-04 2.476798624988262097e-04 2.325823601714033663e-04 2.280877268035958773e-04 2.278981466647543759e-04 2.364280947691996021e-04 2.333082400739501636e-04 2.400836032772300766e-04 2.384028764920082574e-04 2.421080044244388360e-04 2.320189585793309159e-04 2.023781358258222075e-04 1.756668586810974670e-04
1.905355872052712013e-04 1.810278891178767355e-04 2.637504174900009448e-04 2.429336121008869576e-04 2.325823601714033663e-04 2.408122988571966645e-04 2.293394617494733546e-04 2.278298275388995243e-04 2.381154110587111372e-04 2.337123455782349341e-04 2.391176128136351313e-04 2.366128707904452345e-04 2.386550623732837818e-04 2.303519286095110947e-04 2.045144831561745340e-04 1.914090465813912472e-04
1.934758680826108670e-04 1.853112511715882362e-04 2.574918220880569627e-04 2.356909057763184666e-04 2.280877268035958773e-04 2.293394617494733546e-04 2.327190041379549449e-04 2.277506448674916336e-04 2.365196222489558155e-04 2.336115137704743757e-04 2.393785870854421886e-04 2.375534573300887504e-04 2.390875856186899307e-04 2.313944702407238834e-04 2.085142291248772231e-04 1.914799463832173585e-04
1.942562329552228659e-04 1.864655503704262330e-04 2.491300470449876107e-04 2.337676970503305281e-04 2.278981466647543759e-04 2.278298275388995243e-04 2.277506448674916336e-04 2.295327110601653488e-04 2.363222316368437579e-04 2.331198846444404406e-04 2.389548085543743224e-04 2.365890721666824006e-04 2.392702626099124717e-04 2.317483804765866696e-04 2.078863648520446351e-04 1.889723095893278940e-04
1.940000352905745255e-04 1.838724232914118136e-04 2.610648296231285297e-04 2.441949589711903666e-04 2.364280947691996021e-04 2.381154110587111372e-04 2.365196222489558155e-04 2.363222316368437579e-04 2.477599273818155033e-04 2.431471453652921859e-04 2.494121395833422431e-04 2.472236581715298921e-04 2.497872473408091422e-04 2.416998602390329251e-04 2.151361744273907388e-04 1.912946464997197543e-04
1.898097984738915096e-04 1.793607295520174480e-04 2.547185045021464625e-04 2.422892710841379632e-04 2.333082400739501636e-04 2.337123455782349341e-04 2.336115137704743757e-04 2.331198846444404406e-04 2.431471453652921859e-04 2.432213568104462146e-04 2.482702040172169453e-04 2.455851744478880342e-04 2.477682979868746946e-04 2.393609781560659499e-04 2.138162984016638121e-04 1.882973576610130057e-04
1.995455556456553290e-04 1.900759451450264508e-04 2.613302408403805639e-04 2.479883258535438935e-04 2.400836032772300766e-04 2.391176128136351313e-04 2.393785870854421886e-04 2.389548085543743224e-04 2.494121395833422431e-04 2.482702040172169453e-04 2.581744962607688729e-04 2.557959512164159231e-04 2.590824777194085707e-04 2.505920862094439369e-04 2.220654084844927002e-04 1.918108646797679400e-04
1.908582706967982504e-04 1.797485145453060220e-04 2.600661386294868911e-04 2.460237591783884475e-04 2.384028764920082574e-04 2.366128707904452345e-04 2.375534573300887504e-04 2.365890721666824006e-04 2.472236581715298921e-04 2.455851744478880342e-04 2.557959512164159231e-04 2.590233649323910449e-04 2.638466920804693030e-04 2.580109705995422306e-04 2.310076121380375848e-04 1.996568717161375747e-04
1.869754077275716264e-04 1.743533493149258915e-04 2.582230358989564124e-04 2.474180395544060373e-04 2.421080044244388360e-04 2.386550623732837818e-04 2.390875856186899307e-04 2.392702626099124717e-04 2.497872473408091422e-04 2.477682979868746946e-04 2.590824777194085707e-04 2.638466920804693030e-04 2.765231683111540038e-04 2.774056961644885688e-04 2.538402775686739599e-04 2.174584786125019703e-04
1.807438597894581633e-04 1.689926527977359493e-04 2.481335531691805912e-04 2.351433365529812523e-04 2.320189585793309159e-04 2.303519286095110947e-04 2.313944702407238834e-04 2.317483804765866696e-04 2.416998602390329251e-04 2.393609781560659499e-04 2.505920862094439369e-04 2.580109705995422306e-04 2.774056961644885688e-04 3.053634836347890198e-04 3.005291423952400308e-04 2.755669347692072811e-04
1.620240210875679499e-04 1.522523148775644709e-04 2.189918949235573561e-04 2.095442368500714683e-04 2.023781358258222075e-04 2.045144831561745340e-04 2.085142291248772231e-04 2.078863648520446351e-04 2.151361744273907388e-04 2.138162984016638121e-04 2.220654084844927002e-04 2.310076121380375848e-04 2.538402775686739599e-04 3.005291423952400308e-04 3.497905792875713590e-04 3.838181660385584079e-04
1.782606531121048890e-04 1.774972359684591939e-04 2.180468933220051876e-04 1.964797648651111616e-04 1.756668586810974670e-04 1.914090465813912472e-04 1.914799463832173585e-04 1.889723095893278940e-04 1.912946464997197543e-04 1.882973576610130057e-04 1.918108646797679400e-04 1.996568717161375747e-04 2.174584786125019703e-04 2.755669347692072811e-04 3.838181660385584079e-04 6.134192339437686842e-04
