1.393578813500000013e+00 3.649988218041102517e-01
1.837094661699999909e+00 3.650014740527978141e-01
2.421762417100000064e+00 3.649988211922039483e-01
3.192504625499999804e+00 3.649976146848538661e-01
4.208540735499999741e+00 3.649963492601462356e-01
5.547937184000000244e+00 3.649946984353127366e-01
7.313605577899999766e+00 3.649923830583989282e-01
9.641209836199999827e+00 3.649890419779167061e-01
1.270958983400000086e+01 3.649842107053158369e-01
1.675450244399999988e+01 3.649772262737737138e-01
2.208673574699999875e+01 3.649671384590106871e-01
2.911598823199999941e+01 3.649525553824899959e-01
3.838234768600000280e+01 3.649312699207247213e-01
5.059778847900000187e+01 3.648987865410371345e-01
6.670087561799999776e+01 3.648429062505700871e-01
8.792887875099999917e+01 3.647191738671906047e-01
