1.393578813500000013e+00 3.649988194465094149e-01
1.837094661699999909e+00 3.650013984044937487e-01
2.421762417100000064e+00 3.649986685252540886e-01
3.192504625499999804e+00 3.649973879865928694e-01
4.208540735499999741e+00 3.649960168923174209e-01
5.547937184000000244e+00 3.649942094115447566e-01
7.313605577899999766e+00 3.649916634522244463e-01
9.641209836199999827e+00 3.649879898350372187e-01
1.270958983400000086e+01 3.649826903207804563e-01
1.675450244399999988e+01 3.649750402538983751e-01
2.208673574699999875e+01 3.649640299597720627e-01
2.911598823199999941e+01 3.649481407440495206e-01
3.838234768600000280e+01 3.649248673870497672e-01
5.059778847900000187e+01 3.648892080319286468e-01
6.670087561799999776e+01 3.648303835733807676e-01
8.792887875099999917e+01 3.647093390599468465e-01
