1.393578813500000013e+00 3.649987797394344535e-01
1.837094661699999909e+00 3.650014220259452657e-01
2.421762417100000064e+00 3.649987029327154131e-01
3.192504625499999804e+00 3.649974217841479018e-01
4.208540735499999741e+00 3.649960495644662961e-01
5.547937184000000244e+00 3.649942421651510283e-01
7.313605577899999766e+00 3.649916978859116257e-01
9.641209836199999827e+00 3.649880246278240370e-01
1.270958983400000086e+01 3.649827161685422761e-01
1.675450244399999988e+01 3.649750555716750888e-01
2.208673574699999875e+01 3.649640283475919511e-01
2.911598823199999941e+01 3.649481741569294835e-01
3.838234768600000280e+01 3.649252218233599576e-01
5.059778847900000187e+01 3.648907248429955619e-01
6.670087561799999776e+01 3.648328068071558516e-01
8.792887875099999917e+01 3.647061406795597538e-01
