3.213154924517137509e-03 3.841030608155764949e-03 1.359566341215192155e-03 7.352730535349666537e-04 4.980349586908523534e-04 3.838169824425006560e-04 3.228877682857769034e-04 2.921549782326125170e-04 2.855197080993904040e-04 2.719230795246536589e-04 2.709413941735521630e-04 2.646189071758179657e-04 2.629887448260845133e-04 2.506020026243673004e-04 2.204679585222822592e-04 1.967237598538173929e-04
3.841030608155764949e-03 1.236213888565045570e-02 1.690866587439415107e-03 7.621376169878722219e-04 4.475686187876514030e-04 3.002950834318710688e-04 2.220242181152201947e-04 1.780207600990719335e-04 1.685263019538130061e-04 1.510332180767163688e-04 1.490014708719676433e-04 1.416094351817534860e-04 1.403379614240357967e-04 1.283610877483505369e-04 9.298771752078095927e-05 6.198450378179904102e-05
1.359566341215192155e-03 1.690866587439415107e-03 1.820341457072838188e-03 4.331526899245466541e-04 3.018835650384044892e-04 2.544770768645871471e-04 2.248413721046604364e-04 2.115396568567254332e-04 2.160150931699744324e-04 2.081425921329753566e-04 2.108746125485011806e-04 2.063342188608912903e-04 2.055795931714754846e-04 1.932996135988568852e-04 1.639928843070205793e-04 1.402871352188137736e-04
7.352730535349666537e-04 7.621376169878722219e-04 4.331526899245466541e-04 6.501065061423602414e-04 2.483807930833314059e-04 2.122381644927194230e-04 1.945859791298204565e-04 1.882901097430621055e-04 1.939968319637203184e-04 1.888868468385246043e-04 1.924380416454311252e-04 1.882191548302867700e-04 1.883089917106927735e-04 1.780072189986732999e-04 1.509560632455222865e-04 1.254507189167709087e-04
4.980349586908523534e-04 4.475686187876514030e-04 3.018835650384044892e-04 2.483807930833314059e-04 3.876775214927338786e-04 2.052283592762771120e-04 1.865875490012391578e-04 1.805824635287403882e-04 1.882737303171462811e-04 1.838762909891140701e-04 1.875399178364981780e-04 1.836042639973168179e-04 1.844871078489156678e-04 1.734975239964278682e-04 1.466084594514413324e-04 1.205789818480925720e-04
3.838169824425006560e-04 3.002950834318710688e-04 2.544770768645871471e-04 2.122381644927194230e-04 2.052283592762771120e-04 2.845814969841037778e-04 1.890270960945120724e-04 1.807260638549721223e-04 1.881436487959030064e-04 1.830127199431250292e-04 1.869326677489580751e-04 1.829979523270898099e-04 1.830694630569190944e-04 1.726993931444489156e-04 1.456846247763728998e-04 1.202759607786912482e-04
3.228877682857769034e-04 2.220242181152201947e-04 2.248413721046604364e-04 1.945859791298204565e-04 1.865875490012391578e-04 1.890270960945120724e-04 2.363557884354761367e-04 1.817825553543746177e-04 1.861353170746371142e-04 1.806831075315174949e-04 1.841878091433205597e-04 1.798005006842712846e-04 1.800145929292542939e-04 1.698266108922025024e-04 1.430200939865965777e-04 1.170486566073245503e-04
2.921549782326125170e-04 1.780207600990719335e-04 2.115396568567254332e-04 1.882901097430621055e-04 1.805824635287403882e-04 1.807260638549721223e-04 1.817825553543746177e-04 2.161785080451214915e-04 1.916136899599206413e-04 1.837160133927070831e-04 1.857523338491508724e-04 1.809430922624082224e-04 1.803037542664370535e-04 1.696724413512747521e-04 1.429267048506716238e-04 1.163943166277512910e-04
2.855197080993904040e-04 1.685263019538130061e-04 2.160150931699744324e-04 1.939968319637203184e-04 1.882737303171462811e-04 1.881436487959030064e-04 1.861353170746371142e-04 1.916136899599206413e-04 2.280978188962806685e-04 2.010057218908546878e-04 2.009873526188300959e-04 1.947283631008373710e-04 1.934213388766889885e-04 1.821286113156687014e-04 1.546641643527582588e-04 1.276466374164085863e-04
2.719230795246536589e-04 1.510332180767163688e-04 2.081425921329753566e-04 1.888868468385246043e-04 1.838762909891140701e-04 1.830127199431250292e-04 1.806831075315174949e-04 1.837160133927070831e-04 2.010057218908546878e-04 2.208998192480456102e-04 2.073341178744183058e-04 1.984211051255856215e-04 1.951460288941682722e-04 1.823359913815071013e-04 1.535803811971834414e-04 1.248352185928605076e-04
2.709413941735521630e-04 1.490014708719676433e-04 2.108746125485011806e-04 1.924380416454311252e-04 1.875399178364981780e-04 1.869326677489580751e-04 1.841878091433205597e-04 1.857523338491508724e-04 2.009873526188300959e-04 2.073341178744183058e-04 2.347971876572340938e-04 2.161279914361677681e-04 2.097838201791428438e-04 1.943676734121918450e-04 1.636767949933818039e-04 1.321509582631444130e-04
2.646189071758179657e-04 1.416094351817534860e-04 2.063342188608912903e-04 1.882191548302867700e-04 1.836042639973168179e-04 1.829979523270898099e-04 1.798005006842712846e-04 1.809430922624082224e-04 1.947283631008373710e-04 1.984211051255856215e-04 2.161279914361677681e-04 2.403994349320926469e-04 2.267147498119488700e-04 2.061301020555011824e-04 1.707871662272853711e-04 1.344726371370114537e-04
2.629887448260845133e-04 1.403379614240357967e-04 2.055795931714754846e-04 1.883089917106927735e-04 1.844871078489156678e-04 1.830694630569190944e-04 1.800145929292542939e-04 1.803037542664370535e-04 1.934213388766889885e-04 1.951460288941682722e-04 2.097838201791428438e-04 2.267147498119488700e-04 2.666665895862730708e-04 2.420012713835116536e-04 1.967015071541202938e-04 1.505901241253572431e-04
2.506020026243673004e-04 1.283610877483505369e-04 1.932996135988568852e-04 1.780072189986732999e-04 1.734975239964278682e-04 1.726993931444489156e-04 1.698266108922025024e-04 1.696724413512747521e-04 1.821286113156687014e-04 1.823359913815071013e-04 1.943676734121918450e-04 2.061301020555011824e-04 2.420012713835116536e-04 2.956400694754617422e-04 2.490545447573471599e-04 1.852573754037791127e-04
2.204679585222822592e-04 9.298771752078095927e-05 1.639928843070205793e-04 1.509560632455222865e-04 1.466084594514413324e-04 1.456846247763728998e-04 1.430200939865965777e-04 1.429267048506716238e-04 1.546641643527582588e-04 1.535803811971834414e-04 1.636767949933818039e-04 1.707871662272853711e-04 1.967015071541202938e-04 2.490545447573471599e-04 3.475821534517215786e-04 2.942999982138706479e-04
1.967237598538173929e-04 6.198450378179904102e-05 1.402871352188137736e-04 1.254507189167709087e-04 1.205789818480925720e-04 1.202759607786912482e-04 1.170486566073245503e-04 1.163943166277512910e-04 1.276466374164085863e-04 1.248352185928605076e-04 1.321509582631444130e-04 1.344726371370114537e-04 1.505901241253572431e-04 1.852573754037791127e-04 2.942999982138706479e-04 5.651915502480566898e-04
