1.393578813500000013e+00 -8.832552710685885600e-02
1.837094661699999909e+00 1.715644404697449499e-01
2.421762417100000064e+00 3.385549115518063923e-01
3.192504625499999804e+00 4.428502823429137369e-01
4.208540735499999741e+00 5.055197758980878309e-01
5.547937184000000244e+00 5.377282091886341764e-01
7.313605577899999766e+00 5.453296710144780457e-01
9.641209836199999827e+00 5.317330614255839638e-01
1.270958983400000086e+01 4.996313730237946782e-01
1.675450244399999988e+01 4.520109317650810032e-01
2.208673574699999875e+01 3.928068382288124050e-01
2.911598823199999941e+01 3.268086113357673295e-01
3.838234768600000280e+01 2.592896821913802663e-01
5.059778847900000187e+01 1.952781316023510794e-01
6.670087561799999776e+01 1.387125371266463569e-01
8.792887875099999917e+01 8.904577876964135663e-02
