1.393578813500000013e+00 -2.887679251047163831e-01
1.837094661699999909e+00 4.351469124627656004e-01
2.421762417100000064e+00 7.059952857801866655e-01
3.192504625499999804e+00 7.626957064272101849e-01
4.208540735499999741e+00 7.340986889411110772e-01
5.547937184000000244e+00 6.795760573784555003e-01
7.313605577899999766e+00 6.214628403283100067e-01
9.641209836199999827e+00 5.646250244258610440e-01
1.270958983400000086e+01 5.074985045176662046e-01
1.675450244399999988e+01 4.476269555024482982e-01
2.208673574699999875e+01 3.841252199175778648e-01
2.911598823199999941e+01 3.181444681969229360e-01
3.838234768600000280e+01 2.524905192983828428e-01
5.059778847900000187e+01 1.907036631026240436e-01
6.670087561799999776e+01 1.359699455140667701e-01
8.792887875099999917e+01 8.780165192250567741e-02
