1.393578813500000013e+00 -2.887679427360418938e-01
1.837094661699999909e+00 4.351469435110715822e-01
2.421762417100000064e+00 7.059953460193683084e-01
3.192504625499999804e+00 7.626957816096419096e-01
4.208540735499999741e+00 7.340987549849108396e-01
5.547937184000000244e+00 6.795761151586385829e-01
7.313605577899999766e+00 6.214628974127337502e-01
9.641209836199999827e+00 5.646250859894329510e-01
1.270958983400000086e+01 5.074985539053270545e-01
1.675450244399999988e+01 4.476269933286800562e-01
2.208673574699999875e+01 3.841252472146917674e-01
2.911598823199999941e+01 3.181445312865898711e-01
3.838234768600000280e+01 2.524907682685827992e-01
5.059778847900000187e+01 1.907043375841016297e-01
6.670087561799999776e+01 1.359706000080005417e-01
8.792887875099999917e+01 8.780090934103852718e-02
