1.393578813500000013e+00 -2.887679212311841659e-01
1.837094661699999909e+00 4.351469286104711065e-01
2.421762417100000064e+00 7.059954021656515977e-01
3.192504625499999804e+00 7.626959687806545984e-01
4.208540735499999741e+00 7.340991321381017398e-01
5.547937184000000244e+00 6.795767529977264632e-01
7.313605577899999766e+00 6.214638833852124122e-01
9.641209836199999827e+00 5.646265219154423809e-01
1.270958983400000086e+01 5.075005434527686266e-01
1.675450244399999988e+01 4.476296175108731568e-01
2.208673574699999875e+01 3.841285288177420099e-01
2.911598823199999941e+01 3.181483953048577784e-01
3.838234768600000280e+01 2.524950171414235833e-01
5.059778847900000187e+01 1.907086220313364000e-01
6.670087561799999776e+01 1.359744437390414395e-01
8.792887875099999917e+01 8.780411536450830057e-02
