1.393578813500000013e+00 -8.832552767737121557e-02
1.837094661699999909e+00 1.715644760273045133e-01
2.421762417100000064e+00 3.385550531582015577e-01
3.192504625499999804e+00 4.428505573952625785e-01
4.208540735499999741e+00 5.055202362277970707e-01
5.547937184000000244e+00 5.377289296435571186e-01
7.313605577899999766e+00 5.453307461694409941e-01
9.641209836199999827e+00 5.317345942408270298e-01
1.270958983400000086e+01 4.996334543055460653e-01
1.675450244399999988e+01 4.520136390868749188e-01
2.208673574699999875e+01 3.928101838729234352e-01
2.911598823199999941e+01 3.268125646148697383e-01
3.838234768600000280e+01 2.592942313768980545e-01
5.059778847900000187e+01 1.952832577428920136e-01
6.670087561799999776e+01 1.387172983866805098e-01
8.792887875099999917e+01 8.904817999159066189e-02
